1
2
3
4
5
6
7
8
9
10
11
12
13
14
15
16
17
18
19
20
21
22
23
24
25
26
27
28
29
30
31
32
33
34
35
36
37
38
39
40
41
42
43
44
45
46
47
48
49
50
51
52
53
54
55
56
57
58
59
60
61
62
63
64
65
66
67
68
69
70
71
72
73
74
75
76
77
78
79
80
81
82
83
84
85
86
87
88
89
90
91
92
93
94
95
96
97
98
99
100
101
102
103
104
105
106
107
108
109
110
111
112
113
114
115
116
117
118
119
120
121
122
123
124
125
126
127
128
129
130
131
132
133
134
135
136
137
138
139
140
141
142
143
144
145
146
147
148
149
150
168
170
174
189
194
195
224
225
230
252
254
255
288
299
319
322
323
360
377
384
387
390
395
399
440
441
450
452
464
480
483
528
560
567
574
575
624
629
635
636
639
665
671
675
728
735
740
779
780
782
783
840
860
896
899
960
975
979
987
988
989
1007
1014
1016
1023
1088
1089
1104
1105
1110
1127
1147
1155
1224
1274
1280
1287
1295
1368
1377
1386
1391
1394
1406
1430
1442
1443
1520
1539
1595
1599
1680
1691
1695
1710
1728
1749
1763
1848
1890
1924
1935
2024
2033
2079
2085
2114
2115
2208
2209
2210
2277
2295
2299
2300
2303
2400
2414
2484
2491
2499
2600
2625
2627
2700
2703
2808
2849
2880
2915
3024
3080
3124
3135
3248
3249
3266
3276
3288
3289
3320
3332
3335
3363
3480
3483
3485
3569
3575
3599
3720
3740
3827
3843
3968
3999
4004
4094
4095
4224
4277
4320
4355
4488
4559
4623
4760
4794
4850
4879
4895
4899
5040
5049
5150
5159
5183
5328
5355
5364
5459
5460
5475
5624
5670
5719
5750
5775
5928
5994
6083
6240
6327
6364
6391
6399
6560
6565
6578
6591
6600
6664
6669
6720
6723
6888
6902
7020
7029
7049
7055
7224
7259
7380
7395
7568
7625
7743
7920
8000
8084
8099
8280
8384
8463
8648
8777
8832
8835
9024
9044
9179
9215
9408
9434
9452
9590
9603
9800
9869
9999
10200
10295
10395
10403
10608
10730
10815
11024
11025
11174
11235
11448
11663
11880
12099
12320
12543
12768
12995
13224
13455
13688
13923
14160
14399
14640
14883
15128
15375
15624
15875
16128
16383
16640
16899
17160
17423
17688
17955
18224
18495
18768
19043
19320
19599
19880
20163
20448
20735
21024
21315
21608
21903
22200
22499
38024
50624
50634
50652
51039
51300
51545
52416
55384
55935
56699
57239
62464
64448
65024
66674
68607
69160
70226
74175
74240
74480
76544
76895
104328
105412
108927
110592
111033
112995
135680
144000
144585
144935
152684
152775
153216
153467
157440
157904
158079
158400
158840
189952
193343
194480
404495
608399
613088
614992
646815
660960
667575
695826
700699
715715
716984
722799
730944
829080
830414
877824
884304
890624
897897
922130
945944
968253
976143
978120
1002495
1056159
1114344
1185920
1195355
1221024
2082248
4473224
6070869
8614592
8889776
10031999
10556000
10817520
15061760
16769024
29811599
121550624
256334624
278293076
404378975
516102300
3248687624
